id	label	x	y	cluster	weight<Links>	weight<Total link strength>	weight<Citations>
123	abbott w.s.	-0.0821	-0.2771	1	161	2279	203
195	abdelgaleil s.a.	-0.0034	-0.127	3	86	313	27
196	abdelgaleil s.a.m.	-0.5026	0.3775	1	119	422	30
325	adams r.p.	-0.9303	0.124	1	100	541	42
535	ahn y.j.	-0.5486	-0.4943	1	127	851	62
770	aldred d.	-0.0907	0.0696	2	85	201	23
831	ali s.s.	0.599	-0.0067	2	92	460	29
1267	arbogast r.t.	0.8607	0.2347	2	82	356	20
1327	arnason j.t.	-1.0722	0.188	1	106	478	39
1364	arthur f. h.	1.2674	-0.2771	3	23	138	26
1366	arthur f.h.	0.9195	-0.0223	3	158	7142	419
1489	athanassiou c.	0.8115	0.4089	2	106	475	28
1491	athanassiou c.g.	0.786	0.0698	3	155	3657	230
1670	bacci l.	-1.0623	-0.1051	1	53	302	23
1856	banks h.j.	0.1938	0.5126	2	80	216	20
1926	baributsa d.	-0.1436	0.3141	2	40	357	40
2029	batta y.a.	0.7132	-0.7498	3	80	632	38
2126	belanger a.	-0.4901	-0.1849	1	93	251	25
2139	bell c.h.	0.3411	0.5425	2	93	650	46
2158	belmain s.r.	-0.3543	-0.1459	1	95	284	29
2187	benelli g.	-0.7547	0.4257	1	126	1275	84
2563	bond e.j.	0.3222	0.6942	2	73	260	25
2648	boukouvala m.c.	0.4725	-0.0814	3	91	654	33
2868	buchelos c.t.	0.8147	-0.2637	3	135	1758	88
2915	burges h.d.	0.4881	0.0845	2	80	251	23
3076	campbell j.f.	0.9646	0.4054	2	129	943	43
3352	chandrapatya a.	-0.838	-0.5979	1	105	664	38
3421	chaubey m.k.	-0.7909	-0.0719	1	98	511	41
3435	chaudhry m.q.	0.4868	0.7622	2	58	311	24
3783	coats j.r.	-0.6021	-0.1936	1	116	732	64
3837	collins p.j.	0.371	0.8177	2	116	956	75
3888	conti b.	-0.9431	0.2464	1	94	445	38
4103	cuperus g.w.	0.4718	0.3981	2	111	469	44
4170	daglish g.j.	1.0859	0.305	2	112	986	52
4538	deng z.w.	-1.1111	-0.3963	1	92	548	36
4626	dewer y.	0.2023	-0.3917	3	106	385	22
4635	dhaliwal g.s.	-0.4569	0.1611	1	95	252	26
4797	don-pedro k.n.	-0.402	-0.7168	1	70	226	25
4907	du s.s.	-1.0365	-0.2933	1	78	475	31
4928	dubey n.k.	-0.685	0.2956	1	124	939	98
5015	dyte c.e.	0.523	0.5274	2	83	344	31
5038	ebeling w.	1.0385	-0.7129	3	94	763	48
5043	ebert p.r.	0.1968	0.8087	2	127	992	72
5544	fabrizio m.	0.6141	-0.6443	3	96	477	35
5811	fields p.	0.9367	-0.3613	3	72	399	26
5813	fields p.g.	0.3007	-0.2381	3	149	2028	129
5849	finney d.j.	-0.1677	-0.0753	1	143	1131	101
5897	fleurat-lessard f.	-0.0487	0.2153	2	127	493	45
5904	flinn p.w.	0.571	0.3136	2	105	799	51
5945	fontem d.a.	-0.2553	-0.4073	1	85	256	24
6174	galley d.j.	0.7565	-0.1053	3	80	387	22
6570	golob p.	0.4362	-0.8841	3	115	1282	84
6665	goswami a.	0.1536	-0.5926	3	64	228	21
6747	greenspan l.	1.2217	-0.4179	3	61	284	20
6836	guedes r.n.c.	-0.2969	0.4423	2	147	972	87
7027	hagstrum d.w.	0.3406	0.0873	2	130	1176	89
7158	hance t.	-0.58	-0.0598	1	100	380	34
7287	hasan m.m.	-0.0193	0.8201	2	120	532	27
7321	hassanali a.	-0.4874	-0.3954	1	124	750	64
7333	haubruge e.	0.6409	-0.4562	3	100	438	31
7527	hill d.s.	0.4402	-0.2072	3	102	539	31
7568	ho s.h.	-0.6481	-0.3922	1	138	1226	94
7739	howard r.w.	0.6495	-0.8652	3	84	485	26
7748	howe r.w.	0.2441	0.1911	2	110	330	31
7754	howse p.e.	-0.3435	-0.5844	1	83	272	26
7965	idaomar m.	-0.5695	-0.3053	1	112	436	31
8176	isman m.b.	-0.6946	0.0223	1	152	3018	256
8372	jayas d.s.	0.0594	0.5548	2	81	308	36
8683	kalita p.	-0.2832	0.1864	2	94	271	37
8883	kavallieratos n.g.	0.6925	-0.3283	3	125	1689	80
9028	khan a.a.	0.5062	-0.5115	3	98	471	23
9351	kontodimas d.c.	0.3962	-0.3754	3	99	470	24
9358	kopittke r.a.	0.5149	0.9126	2	50	314	24
9378	korunic z.	0.829	-0.4648	3	151	4343	267
9406	koul o.	-0.5712	0.2409	1	95	313	24
9531	kumar r.	-0.4353	0.5435	1	85	227	23
9535	kumar s.	-0.7591	-0.3397	1	120	793	62
9899	leesch j.g.	0.3057	0.3877	2	84	228	22
9915	lei c.l.	-0.7851	-0.4684	1	102	425	30
9935	lemperiere g.	-0.6716	0.1538	1	94	277	27
10248	liu z.l.	-1.1428	-0.2535	1	100	710	47
10338	lord j.c.	0.7395	-0.6001	3	101	935	55
10351	loschiavo s.r.	-0.0822	0.4764	2	75	191	22
10573	magan n.	-0.0285	0.0949	2	44	111	30
10580	maggi f.	-0.8612	0.4915	1	102	558	33
10650	maier d.e.	0.1867	0.3346	2	57	219	28
11169	mcgaughey w.h.	0.4873	0.1792	2	54	170	26
11648	moharramipour s.	-0.6631	-0.6766	1	104	377	31
11816	morrison w.r.	1.0148	0.568	2	67	489	24
11950	muir w.e.	0.0882	0.2816	2	83	453	46
12037	murdock l.l.	-0.1714	0.2352	2	87	576	73
12307	navarro s.	-0.011	0.3618	2	77	377	48
12321	nayak m.k.	0.4054	0.9839	2	135	1052	65
12387	nenaah g.e.	-0.9876	0.3865	1	96	306	23
12570	norwood s.	1.1936	-0.6153	3	77	491	30
12700	obeng-ofori d.	-0.1446	-0.6907	1	75	343	27
13165	palmeri v.	-0.7532	0.5938	1	89	529	31
13267	park i.k.	-0.9218	-0.1592	1	79	384	24
13301	parra j.r.p.	-0.3559	-0.376	1	12	14	24
13330	pascual-villalobos m.j.	-0.6879	-0.0976	1	103	378	27
13423	pavela r.	-0.8315	0.318	1	106	739	46
13425	pavic h.	0.2629	0.9246	2	111	720	57
13543	peric i.	1.1271	0.0309	3	96	402	21
13640	phillips t.w.	0.6583	0.6279	2	148	2034	117
13907	prakash b.	-0.622	0.4376	1	91	311	22
13969	price n.r.	0.436	0.6284	2	116	393	27
14273	rajashekar y.	-0.4135	0.0472	1	99	522	47
14279	rajendran s.	0.1788	0.6688	2	136	707	63
14392	rao j.	0.0555	-0.301	1	101	281	24
14541	rees d.	0.3215	-0.0853	3	106	446	28
14543	rees d.p.	0.1359	-0.0039	2	96	288	28
14562	reichmuth c.	-0.0726	-0.4349	1	145	1156	89
14767	riudavets j.	0.3839	0.2645	2	71	215	28
14856	roesli r.	0.9757	-0.5663	3	111	1130	63
14869	rohlf f.j.	0.3758	-0.5632	3	114	908	49
15004	rozman v.	0.9421	-0.1917	3	103	669	29
15171	sahi s.t.	0.4814	-0.6965	3	76	312	21
15467	satya s.	-0.9055	-0.0546	1	84	296	23
15568	schlipalius d.i.	0.6431	0.794	2	89	451	23
15591	schmutterer h.	-0.1997	-0.5514	1	69	188	27
15614	scholler m.	0.0692	-0.7426	3	84	438	27
15727	sefidkon f.	-0.5395	-0.6489	1	100	479	35
15804	serrao j.e.	-1.2107	-0.0611	1	61	335	26
15842	shaaya e.	-0.707	-0.2367	1	114	544	45
15902	shakoori a.r.	0.609	0.1147	2	97	551	50
15986	sharma s.	-0.4002	0.2801	1	82	203	21
16124	shivanandappa t.	-0.2901	-0.0212	1	95	369	33
16310	singh r.	0.1785	-0.1624	2	82	238	22
16347	sinha r.n.	-0.0935	0.5846	2	64	299	35
16423	smagghe g.	-0.5627	0.0841	1	97	296	24
16542	soltani n.	-0.8053	-0.1924	1	70	367	25
16671	speirs r.d.	-0.4227	-0.4985	1	78	184	20
16721	sriranjini v.	-0.4587	-0.0658	1	140	943	77
16766	stamopoulos d.c.	-0.6669	-0.5299	1	107	430	33
16781	stashenko e.	-0.8254	0.0533	1	101	398	34
16783	stashenko e.e.	-0.9718	-0.4991	1	106	684	40
16800	steenberg t.	0.8259	-0.694	3	74	393	24
16821	stejskal v.	-0.2048	0.68	2	94	304	31
16940	su h.c.f.	-0.3057	-0.2843	1	94	286	27
16970	subramanyam b.	0.7145	0.2584	2	151	1858	124
17012	sukprakarn c.	-0.4362	-0.2786	1	113	505	35
17248	talukder f.a.	-0.2102	-0.1994	1	80	161	22
17277	tang j.	-0.1957	0.916	2	39	168	25
17368	tefera t.	-0.2431	0.3043	2	68	181	24
17570	throne j.e.	0.9689	0.1276	3	152	2668	170
17668	tomanovic z.	1.0721	-0.4281	3	113	1485	77
17777	trdan s.	1.104	-0.2114	3	84	299	23
17795	tripathi c.p.m.	-0.8936	-0.4026	1	75	315	21
17965	ulrichs c.	0.246	-0.734	3	114	756	47
18208	vayias b.j.	0.8613	-0.8588	3	82	744	35
18245	vendramim j.d.	-0.9991	0.0202	1	75	273	35
18501	wakil w.	0.6094	-0.1689	3	98	540	36
18600	wang s.	-0.2332	0.889	2	54	179	36
18675	watters f.l.	0.0006	0.6559	2	69	210	24
18807	white n.d.g.	0.0751	0.445	2	137	1105	98
18977	woloshuk c.p.	0.1045	0.1619	2	75	222	38
19518	zanuncio j.c.	-1.153	0.0301	1	96	537	47
19524	zappala l.	-0.7819	0.1842	1	106	342	28
19528	zar j.h.	0.531	-0.3028	3	104	497	28
19544	zdarkova e.	-0.2229	0.5839	2	39	151	20
19576	zettler j.l.	0.6511	0.4624	2	80	291	20
19744	zhu k.y.	0.8515	0.5886	2	89	391	23
19831	zygadlo j.a.	-0.8993	-0.2702	1	72	293	29
